index	name	kind	value	address	paranum	isVec
----------------------------------------------------------------
0	a	13	0	0	0	0
1	b	13	0	0	0	0
2	e	13	0	0	0	5
3	hj	4	0	0	0	0
4	program	2	1	0	0	0
5	a	3	0	0	0	0
6	b	3	0	1	0	0
7	c	3	0	2	0	0
8	i	13	0	0	0	0
9	j	13	0	0	0	0
10	m	13	0	0	0	0
----------------------------------------------------------------
5	demo	2	1	0	0	0
6	a	3	0	0	0	0
7	i	13	0	0	0	0
----------------------------------------------------------------
6	main	2	0	0	0	0
7	a	13	0	0	0	0
8	b	13	0	0	0	0
9	c	13	0	0	0	0
